<html>
<head><meta charset="utf-8" /></head>
<body>
    <div>                        <script type="text/javascript">window.PlotlyConfig = {MathJaxConfig: 'local'};</script>
        <script charset="utf-8" src="https://cdn.plot.ly/plotly-2.35.2.min.js"></script>                <div id="9a340558-71d5-4ba3-af84-5aedfc441e25" class="plotly-graph-div" style="height:100%; width:100%;"></div>            <script type="text/javascript">                                    window.PLOTLYENV=window.PLOTLYENV || {};                                    if (document.getElementById("9a340558-71d5-4ba3-af84-5aedfc441e25")) {                    Plotly.newPlot(                        "9a340558-71d5-4ba3-af84-5aedfc441e25",                        [{"coloraxis":"coloraxis","name":"0","texttemplate":"%{z}","x":["IQ","MelQ","MelQx","DiMelQx","PhlP","B_a__P","DiB__a__A","Total_PAH","Nitratos","Nitritos","NDMA","NPIP","NPYR","Comb","Acrilamida"],"y":["IQ","MelQ","MelQx","DiMelQx","PhlP","B_a__P","DiB__a__A","Total_PAH","Nitratos","Nitritos","NDMA","NPIP","NPYR","Comb","Acrilamida"],"z":[[1.0,-0.051435150323023,0.2648596287339063,0.16775924717921198,0.05002531678987843,0.19059913264617923,0.022068905967414836,0.01304632548357814,0.3389903510320618,0.32616774146700617,0.6963525884492292,0.485110732201709,0.4377277669980842,0.23926962113976225,0.2192795309744615],[-0.051435150323023,1.0,0.26321776830725657,0.14767021206138556,0.16763184405229684,0.22448984203119132,0.15584526555894612,0.2967141124993266,0.1290851946621679,0.09725490514595644,0.019555777118090777,0.10861321723770716,0.11480015573009343,-0.04609100392264296,0.19852756678744016],[0.2648596287339063,0.26321776830725657,1.0,0.8737890165648473,0.8067713548858781,0.39974946460604976,0.11608760306670217,0.361067906769471,0.3045568694964803,0.13709657029970748,0.18137273118431918,0.23918457798146114,0.22413130387285,-0.002440685417246904,0.46340852145778477],[0.16775924717921198,0.14767021206138556,0.8737890165648473,1.0,0.940546158710223,0.3263663733283386,0.07131095260178948,0.24095359401103084,0.2631274543038911,0.10258019627256947,0.08487186085654452,0.1386957299247778,0.13139868138840533,-0.03321823783562349,0.3631685599493772],[0.05002531678987843,0.16763184405229684,0.8067713548858781,0.940546158710223,1.0,0.32184859347163564,0.10173811001462808,0.23577132009737106,0.23128792532437786,0.06761933657857053,0.04744676516669961,0.09647843943174786,0.09587842968838393,-0.012892240792960644,0.3475597417257236],[0.19059913264617923,0.22448984203119132,0.39974946460604976,0.3263663733283386,0.32184859347163564,1.0,0.28198815341039074,0.41277358248319823,0.5149558940720103,0.2474357867965811,0.43100355958461956,0.5058979507365132,0.5035553539394513,0.2665482970589003,0.5398821734456608],[0.022068905967414836,0.15584526555894612,0.11608760306670217,0.07131095260178948,0.10173811001462808,0.28198815341039074,1.0,0.09571145871173255,0.15765565852067023,0.08104591024173062,0.19861121661624992,0.2633996868474817,0.29992915735561515,0.026433646690599735,0.26626769374120507],[0.01304632548357814,0.2967141124993266,0.361067906769471,0.24095359401103084,0.23577132009737106,0.41277358248319823,0.09571145871173255,1.0,0.2228480579348155,0.08437895047520966,0.055366859955664635,0.11108575209297865,0.099529410986709,0.003843331340235936,0.4929756747165388],[0.3389903510320618,0.1290851946621679,0.3045568694964803,0.2631274543038911,0.23128792532437786,0.5149558940720103,0.15765565852067023,0.2228480579348155,1.0,0.3064981341556263,0.48608476599480255,0.3318953742342084,0.30689062332738726,0.31747249305606196,0.31039168314682586],[0.32616774146700617,0.09725490514595644,0.13709657029970748,0.10258019627256947,0.06761933657857053,0.2474357867965811,0.08104591024173062,0.08437895047520966,0.3064981341556263,1.0,0.4690165500359882,0.37981998480133417,0.35979178242220194,0.23662272113595223,0.2300338105569844],[0.6963525884492292,0.019555777118090777,0.18137273118431918,0.08487186085654452,0.04744676516669961,0.43100355958461956,0.19861121661624992,0.055366859955664635,0.48608476599480255,0.4690165500359882,1.0,0.7205509317997929,0.6672368916132868,0.5335036860045634,0.32506525435256484],[0.485110732201709,0.10861321723770716,0.23918457798146114,0.1386957299247778,0.09647843943174786,0.5058979507365132,0.2633996868474817,0.11108575209297865,0.3318953742342084,0.37981998480133417,0.7205509317997929,1.0,0.9908433606984169,0.34409194128213655,0.37626092884796697],[0.4377277669980842,0.11480015573009343,0.22413130387285,0.13139868138840533,0.09587842968838393,0.5035553539394513,0.29992915735561515,0.099529410986709,0.30689062332738726,0.35979178242220194,0.6672368916132868,0.9908433606984169,1.0,0.2931293266566522,0.36337707655254187],[0.23926962113976225,-0.04609100392264296,-0.002440685417246904,-0.03321823783562349,-0.012892240792960644,0.2665482970589003,0.026433646690599735,0.003843331340235936,0.31747249305606196,0.23662272113595223,0.5335036860045634,0.34409194128213655,0.2931293266566522,1.0,0.1704713636446575],[0.2192795309744615,0.19852756678744016,0.46340852145778477,0.3631685599493772,0.3475597417257236,0.5398821734456608,0.26626769374120507,0.4929756747165388,0.31039168314682586,0.2300338105569844,0.32506525435256484,0.37626092884796697,0.36337707655254187,0.1704713636446575,1.0]],"type":"heatmap","xaxis":"x","yaxis":"y","hovertemplate":"x: %{x}\u003cbr\u003ey: %{y}\u003cbr\u003eCorrelación: %{z}\u003cextra\u003e\u003c\u002fextra\u003e"}],                        {"template":{"data":{"candlestick":[{"decreasing":{"line":{"color":"#000033"}},"increasing":{"line":{"color":"#000032"}},"type":"candlestick"}],"contourcarpet":[{"colorscale":[[0.0,"#000011"],[0.1111111111111111,"#000012"],[0.2222222222222222,"#000013"],[0.3333333333333333,"#000014"],[0.4444444444444444,"#000015"],[0.5555555555555556,"#000016"],[0.6666666666666666,"#000017"],[0.7777777777777778,"#000018"],[0.8888888888888888,"#000019"],[1.0,"#000020"]],"type":"contourcarpet"}],"contour":[{"colorscale":[[0.0,"#000011"],[0.1111111111111111,"#000012"],[0.2222222222222222,"#000013"],[0.3333333333333333,"#000014"],[0.4444444444444444,"#000015"],[0.5555555555555556,"#000016"],[0.6666666666666666,"#000017"],[0.7777777777777778,"#000018"],[0.8888888888888888,"#000019"],[1.0,"#000020"]],"type":"contour"}],"heatmap":[{"colorscale":[[0.0,"#000011"],[0.1111111111111111,"#000012"],[0.2222222222222222,"#000013"],[0.3333333333333333,"#000014"],[0.4444444444444444,"#000015"],[0.5555555555555556,"#000016"],[0.6666666666666666,"#000017"],[0.7777777777777778,"#000018"],[0.8888888888888888,"#000019"],[1.0,"#000020"]],"type":"heatmap"}],"histogram2d":[{"colorscale":[[0.0,"#000011"],[0.1111111111111111,"#000012"],[0.2222222222222222,"#000013"],[0.3333333333333333,"#000014"],[0.4444444444444444,"#000015"],[0.5555555555555556,"#000016"],[0.6666666666666666,"#000017"],[0.7777777777777778,"#000018"],[0.8888888888888888,"#000019"],[1.0,"#000020"]],"type":"histogram2d"}],"icicle":[{"textfont":{"color":"white"},"type":"icicle"}],"sankey":[{"textfont":{"color":"#000036"},"type":"sankey"}],"scatter":[{"marker":{"line":{"width":0}},"type":"scatter"}],"table":[{"cells":{"fill":{"color":"#000038"},"font":{"color":"#000037"},"line":{"color":"#000039"}},"header":{"fill":{"color":"#000040"},"font":{"color":"#000036"},"line":{"color":"#000039"}},"type":"table"}],"waterfall":[{"connector":{"line":{"color":"#000036","width":2}},"decreasing":{"marker":{"color":"#000033"}},"increasing":{"marker":{"color":"#000032"}},"totals":{"marker":{"color":"#000034"}},"type":"waterfall"}]},"layout":{"coloraxis":{"colorscale":[[0.0,"#000011"],[0.1111111111111111,"#000012"],[0.2222222222222222,"#000013"],[0.3333333333333333,"#000014"],[0.4444444444444444,"#000015"],[0.5555555555555556,"#000016"],[0.6666666666666666,"#000017"],[0.7777777777777778,"#000018"],[0.8888888888888888,"#000019"],[1.0,"#000020"]]},"colorscale":{"diverging":[[0.0,"#000021"],[0.1,"#000022"],[0.2,"#000023"],[0.3,"#000024"],[0.4,"#000025"],[0.5,"#000026"],[0.6,"#000027"],[0.7,"#000028"],[0.8,"#000029"],[0.9,"#000030"],[1.0,"#000031"]],"sequential":[[0.0,"#000011"],[0.1111111111111111,"#000012"],[0.2222222222222222,"#000013"],[0.3333333333333333,"#000014"],[0.4444444444444444,"#000015"],[0.5555555555555556,"#000016"],[0.6666666666666666,"#000017"],[0.7777777777777778,"#000018"],[0.8888888888888888,"#000019"],[1.0,"#000020"]],"sequentialminus":[[0.0,"#000011"],[0.1111111111111111,"#000012"],[0.2222222222222222,"#000013"],[0.3333333333333333,"#000014"],[0.4444444444444444,"#000015"],[0.5555555555555556,"#000016"],[0.6666666666666666,"#000017"],[0.7777777777777778,"#000018"],[0.8888888888888888,"#000019"],[1.0,"#000020"]]},"colorway":["#000001","#000002","#000003","#000004","#000005","#000006","#000007","#000008","#000009","#000010"]}},"xaxis":{"anchor":"y","domain":[0.0,1.0],"scaleanchor":"y","constrain":"domain"},"yaxis":{"anchor":"x","domain":[0.0,1.0],"autorange":"reversed","constrain":"domain"},"coloraxis":{"colorbar":{"title":{"text":"Correlación"}},"colorscale":[[0.0,"rgb(103,0,31)"],[0.1,"rgb(178,24,43)"],[0.2,"rgb(214,96,77)"],[0.3,"rgb(244,165,130)"],[0.4,"rgb(253,219,199)"],[0.5,"rgb(247,247,247)"],[0.6,"rgb(209,229,240)"],[0.7,"rgb(146,197,222)"],[0.8,"rgb(67,147,195)"],[0.9,"rgb(33,102,172)"],[1.0,"rgb(5,48,97)"]],"cmin":-1,"cmax":1},"title":{"text":"Matriz de Correlación"}},                        {"responsive": true}                    )                };                            </script>        </div>
</body>
</html>